 ****** PARAMETERS *****
    2.610000     NEKTON VERSION
3 DIMENSIONAL RUN
103 PARAMETERS FOLLOW
  0.299792E+18                  1: x CSPEED The speed of light, in m/s.
  0.885420E-20                  2: x PERMIT Vacuum permittivity (\epsilon_0)
  0.125660E-14                  3: x PERMEA Vacuum permeability (\mu_0)
  0                             4: ---                                                
  0                             5: ---
  0                             6: ---
  0                             7: ---
  0                             8: ---
  0                             9: ---            
  1e20                          10: x FINTIME: Final Time                             
  1000                           11: x NSTEPS: Total # of timesteps              
  -0.005                        12: x DT:  Timestep Size with (-), eg. -0.05; CFL number with (+), eg, CFL=0.2,0.3,0.4
  100                           13: x IOCOMM : Print statement at every IOCOMM step 
  0.000000E+00                  14: x OPTIONS: number of periods (nano)
  100                           15: x IOSTEP : Produce outputs at every IOSTEP               
  1                             16: x IFSOL: 1 (solution assgiend), 0 (if not)
  0                             17: x Timestepping: -1 (IFEIG), 0 (IFRK4), 1 (IFEXP)
  0                             18: x Filter: 0 (no filter), 1 (turn on filter)
  0                             19: x FLUXES: 0 (upwind flux), 1 (central flux)
  5.00000                       20: x ORDER (MESH): positive value
  0                             21: ---                             
  0                             22: ---               
  0                             23: ---      
  0                             24: ---
  0                             25: ---             
  0                             26: ---
  3.00000                       27: x TORDER
  0.000000E+00                  28: x TMESH
  0.000000E+00                  29: ---                                
  0.000000E+00                  30: ---                   
  0.000000E+00                  31: ---             
  0.000000E+00                  32: ---                    
  0                             33: ---        
  0                             34: ---     
  0                             35: ---                
  0                             36: ---      
  0                             37: ---     
  0.000000E+00                  38: ---       
  0.000000E+00                  39: ---       
  0.000000E+00                  40: ---       
  0.000000E+00                  41: ---          
  0.000000E+00                  42: ---     
  0                             43: ---            
  0.000000E+00                  44: ---          
  0.000000E+00                  45: ---       
  0.000000E+00                  46: ---       
  0.000000E+00                  47: ---  
  0.000000E+00                  48: --- 
  0.140000                      49: ---   
  0.000000E+00                  50: ---      
  0.000000E+00                  51: --- 
  0.000000E+00                  52: ---  
  0.000000E+00                  53: ---     
  0.000000E+00                  54: ---            
  0.000000E+00                  55: ---
  0.000000E+00                  56: ---
  2                             57: ---
  2                             58: ---
  1.0                           59: ---
  17                            60: ---
  0                             61: ---                                       
  2e-3                          62: ---
  4e-3                          63: ---
  0                             64: ---
  0                             65: ---
  0                             66: ---
  0                             67: ---
  1                             68: ---
  0                             69: ---
  0                             70: ---
  0                             71: ---
  0.5                           72: ---
  0                             73: ---
  0.2                           74: --- 
  0                             75: ---
  0                             76: ---
  1.000000E+00                  77: x PMLTHICK : thickness of the PML in levels
  2.000000E+00                  78: x PMLORDER : polynomial order of the grading of the PML parameter sigma
  1.000000E-05                  79: x PMLREFERR : PML reflection error
  0                             80: ---   
  4                             81: x I/O: 0 (no output), 1 (fld),2 (posix ascii),3 (posix binary), 4,5, (coIO), 6,-6,8 (rbIO)
  1                             82: x I/O: the number of outputfiles per timestep
  8                             83: x I/O: the max number of fields
  0                             84: x RESTART: invoked with dump_number from the name of the restarting output file 
  5.000000E+00                  85: x RESTART: restart time given from the header of restarting vtk output file
  4                             86: x RESTART: vtk file type of restarting output file (4,5,6,8)
  0                             87: ---
  0                             88: ---
  0                             89: ---
  0                             90: ---
  0                             91: ---
  0                             92: ---
  1                             93: x ifdielec  0: false 1: true                               
  0                             94: x ific      0: false 1: true                   
  0                             95: x ifpoisson 0: false 1: true                 
  0                             96: ---
  0                             97: --- x ifarpack 0: false 1: true
  0                             98: ---                                        
  0                             99: ---  
  0                             100: x 0: default, 1: ifscat, 2: ifsftf
  0                             101: x ifdrude 0: false 1: true
  0                             102: ---
  0                             103: ---
  4  Lines of passive scalar data follows2 CONDUCT; 2RHOCP
   1.00000       1.00000       1.00000       1.00000       1.00000
   1.00000       1.00000       1.00000       1.00000
   1.00000       1.00000       1.00000       1.00000       1.00000
   1.00000       1.00000       1.00000       1.00000
13 LOGICAL SWITCHES FOLLOW
  F                             1: IFFLOW
  T                             2: IFHEAT
  T                             3: IFTRAN
  F                             4: IFSRC
  F                             5: IFCENTRAL
  T                             6: IFUPWIND
  F                             7: IFTM (2D only)
  T                             8: IFTE (2D only)
  F                             9: IFDEALIAS
  F                             10: IFRK4
  T                             11: IFEXP
  F                             12: IFEIG
  F                             13: IFNM
   9.23077       9.23077      -4.38462      -5.30769     XFAC,YFAC,XZERO,YZERO
 **MESH DATA** 6 lines are X,Y,Z;X,Y,Z. Columns corners 1-4;5-8
      4560         3      4560           NEL,NDIM,NELV
            ELEMENT    1 [    1 ]    GROUP     0
  0.424264E+01  0.353553E+01  0.405317E+01  0.527792E+01
  0.424264E+01  0.353553E+01  0.122474E+01  0.150668E+01
  0.000000E+00  0.000000E+00  0.000000E+00  0.000000E+00
  0.424264E+01  0.353553E+01  0.405317E+01  0.527792E+01
  0.424264E+01  0.353553E+01  0.122474E+01  0.150668E+01
  0.625000E+01  0.625000E+01  0.625000E+01  0.625000E+01
            ELEMENT    2 [    1 ]    GROUP     0
  0.424264E+01  0.353553E+01  0.122474E+01  0.150668E+01
 -0.424264E+01 -0.353553E+01 -0.405317E+01 -0.527792E+01
  0.000000E+00  0.000000E+00  0.000000E+00  0.000000E+00
  0.424264E+01  0.353553E+01  0.122474E+01  0.150668E+01
 -0.424264E+01 -0.353553E+01 -0.405317E+01 -0.527792E+01
  0.625000E+01  0.625000E+01  0.625000E+01  0.625000E+01
            ELEMENT    3 [    1 ]    GROUP     0
 -0.527792E+01 -0.405317E+01 -0.353553E+01 -0.424264E+01
  0.150668E+01  0.122474E+01  0.353553E+01  0.424264E+01
  0.000000E+00  0.000000E+00  0.000000E+00  0.000000E+00
 -0.527792E+01 -0.405317E+01 -0.353553E+01 -0.424264E+01
  0.150668E+01  0.122474E+01  0.353553E+01  0.424264E+01
  0.625000E+01  0.625000E+01  0.625000E+01  0.625000E+01
            ELEMENT    4 [    1 ]    GROUP     0
  0.150668E+01  0.122474E+01  0.353553E+01  0.424264E+01
  0.527792E+01  0.405317E+01  0.353553E+01  0.424264E+01
  0.000000E+00  0.000000E+00  0.000000E+00  0.000000E+00
  0.150668E+01  0.122474E+01  0.353553E+01  0.424264E+01
  0.527792E+01  0.405317E+01  0.353553E+01  0.424264E+01
  0.625000E+01  0.625000E+01  0.625000E+01  0.625000E+01
            ELEMENT    5 [    1 ]    GROUP     0
  0.282843E+01  0.942809E+00  0.942809E+00  0.282843E+01
  0.282843E+01  0.282843E+01  0.942809E+00  0.942809E+00
  0.000000E+00  0.000000E+00  0.000000E+00  0.000000E+00
  0.282843E+01  0.942809E+00  0.942809E+00  0.282843E+01
  0.282843E+01  0.282843E+01  0.942809E+00  0.942809E+00
  0.625000E+01  0.625000E+01  0.625000E+01  0.625000E+01
            ELEMENT    6 [    1!]    GROUP     0
 -0.150668E+01 -0.122475E+01 -0.353553E+01 -0.424264E+01
 -0.527792E+01 -0.405317E+01 -0.353553E+01 -0.424264E+01
  0.000000E+00  0.000000E+00  0.000000E+00  0.000000E+00
 -0.150668E+01 -0.122475E+01 -0.353553E+01 -0.424264E+01
 -0.527792E+01 -0.405317E+01 -0.353553E+01 -0.424264E+01
  0.625000E+01  0.625000E+01  0.625000E+01  0.625000E+01
            ELEMENT    7 [    1!]    GROUP     0
 -0.424264E+01 -0.353553E+01 -0.122475E+01 -0.150668E+01
  0.424264E+01  0.353553E+01  0.405317E+01  0.527792E+01
  0.000000E+00  0.000000E+00  0.000000E+00  0.000000E+00
 -0.424264E+01 -0.353553E+01 -0.122475E+01 -0.150668E+01
  0.424264E+01  0.353553E+01  0.405317E+01  0.527792E+01
  0.625000E+01  0.625000E+01  0.625000E+01  0.625000E+01
            ELEMENT    8 [    1!]    GROUP     0
 -0.942809E+00 -0.282843E+01 -0.282843E+01 -0.942809E+00
  0.282843E+01  0.282843E+01  0.942809E+00  0.942809E+00
  0.000000E+00  0.000000E+00  0.000000E+00  0.000000E+00
 -0.942809E+00 -0.282843E+01 -0.282843E+01 -0.942809E+00
  0.282843E+01  0.282843E+01  0.942809E+00  0.942809E+00
  0.625000E+01  0.625000E+01  0.625000E+01  0.625000E+01
            ELEMENT    9 [    1"]    GROUP     0
  0.150668E+01  0.122474E+01 -0.122475E+01 -0.150668E+01
 -0.527792E+01 -0.405317E+01 -0.405317E+01 -0.527792E+01
  0.000000E+00  0.000000E+00  0.000000E+00  0.000000E+00
  0.150668E+01  0.122474E+01 -0.122475E+01 -0.150668E+01
 -0.527792E+01 -0.405317E+01 -0.405317E+01 -0.527792E+01
  0.625000E+01  0.625000E+01  0.625000E+01  0.625000E+01
            ELEMENT   10 [    1"]    GROUP     0
 -0.150668E+01 -0.122475E+01  0.122474E+01  0.150668E+01
  0.527792E+01  0.405317E+01  0.405317E+01  0.527792E+01
  0.000000E+00  0.000000E+00  0.000000E+00  0.000000E+00
 -0.150668E+01 -0.122475E+01  0.122474E+01  0.150668E+01
  0.527792E+01  0.405317E+01  0.405317E+01  0.527792E+01
  0.625000E+01  0.625000E+01  0.625000E+01  0.625000E+01
            ELEMENT   11 [    1"]    GROUP     0
  0.942809E+00 -0.942809E+00 -0.942809E+00  0.942809E+00
  0.282843E+01  0.282843E+01  0.942809E+00  0.942809E+00
  0.000000E+00  0.000000E+00  0.000000E+00  0.000000E+00
  0.942809E+00 -0.942809E+00 -0.942809E+00  0.942809E+00
  0.282843E+01  0.282843E+01  0.942809E+00  0.942809E+00
  0.625000E+01  0.625000E+01  0.625000E+01  0.625000E+01
            ELEMENT   12 [    1#]    GROUP     0
  0.527792E+01  0.405317E+01  0.405317E+01  0.527792E+01
  0.150668E+01  0.122474E+01 -0.122474E+01 -0.150668E+01
  0.000000E+00  0.000000E+00  0.000000E+00  0.000000E+00
  0.527792E+01  0.405317E+01  0.405317E+01  0.527792E+01
  0.150668E+01  0.122474E+01 -0.122474E+01 -0.150668E+01
  0.625000E+01  0.625000E+01  0.625000E+01  0.625000E+01
            ELEMENT   13 [    1#]    GROUP     0
 -0.527792E+01 -0.405317E+01 -0.405317E+01 -0.527792E+01
 -0.150668E+01 -0.122474E+01  0.122474E+01  0.150668E+01
  0.000000E+00  0.000000E+00  0.000000E+00  0.000000E+00
 -0.527792E+01 -0.405317E+01 -0.405317E+01 -0.527792E+01
 -0.150668E+01 -0.122474E+01  0.122474E+01  0.150668E+01
  0.625000E+01  0.625000E+01  0.625000E+01  0.625000E+01
            ELEMENT   14 [    1#]    GROUP     0
  0.282843E+01  0.942809E+00  0.942809E+00  0.282843E+01
  0.942809E+00  0.942809E+00 -0.942809E+00 -0.942809E+00
  0.000000E+00  0.000000E+00  0.000000E+00  0.000000E+00
  0.282843E+01  0.942809E+00  0.942809E+00  0.282843E+01
  0.942809E+00  0.942809E+00 -0.942809E+00 -0.942809E+00
  0.625000E+01  0.625000E+01  0.625000E+01  0.625000E+01
            ELEMENT   15 [    1$]    GROUP     0
 -0.942809E+00 -0.282843E+01 -0.282843E+01 -0.942809E+00
  0.942809E+00  0.942809E+00 -0.942809E+00 -0.942809E+00
  0.000000E+00  0.000000E+00  0.000000E+00  0.000000E+00
 -0.942809E+00 -0.282843E+01 -0.282843E+01 -0.942809E+00
  0.942809E+00  0.942809E+00 -0.942809E+00 -0.942809E+00
  0.625000E+01  0.625000E+01  0.625000E+01  0.625000E+01
            ELEMENT   16 [    1%]    GROUP     0
  0.942809E+00 -0.942809E+00 -0.942809E+00  0.942809E+00
  0.942809E+00  0.942809E+00 -0.942809E+00 -0.942809E+00
  0.000000E+00  0.000000E+00  0.000000E+00  0.000000E+00
  0.942809E+00 -0.942809E+00 -0.942809E+00  0.942809E+00
  0.942809E+00  0.942809E+00 -0.942809E+00 -0.942809E+00
  0.625000E+01  0.625000E+01  0.625000E+01  0.625000E+01
            ELEMENT   17 [    1&]    GROUP     0
  0.527792E+01  0.405317E+01  0.353553E+01  0.424264E+01
 -0.150668E+01 -0.122474E+01 -0.353553E+01 -0.424264E+01
  0.000000E+00  0.000000E+00  0.000000E+00  0.000000E+00
  0.527792E+01  0.405317E+01  0.353553E+01  0.424264E+01
 -0.150668E+01 -0.122474E+01 -0.353553E+01 -0.424264E+01
  0.625000E+01  0.625000E+01  0.625000E+01  0.625000E+01
            ELEMENT   18 [    1&]    GROUP     0
 -0.424264E+01 -0.353553E+01 -0.405317E+01 -0.527792E+01
 -0.424264E+01 -0.353553E+01 -0.122474E+01 -0.150668E+01
  0.000000E+00  0.000000E+00  0.000000E+00  0.000000E+00
 -0.424264E+01 -0.353553E+01 -0.405317E+01 -0.527792E+01
 -0.424264E+01 -0.353553E+01 -0.122474E+01 -0.150668E+01
  0.625000E+01  0.625000E+01  0.625000E+01  0.625000E+01
            ELEMENT   19 [    1&]    GROUP     0
  0.282843E+01  0.942809E+00  0.942809E+00  0.282843E+01
 -0.942809E+00 -0.942809E+00 -0.282843E+01 -0.282843E+01
  0.000000E+00  0.000000E+00  0.000000E+00  0.000000E+00
  0.282843E+01  0.942809E+00  0.942809E+00  0.282843E+01
 -0.942809E+00 -0.942809E+00 -0.282843E+01 -0.282843E+01
  0.625000E+01  0.625000E+01  0.625000E+01  0.625000E+01
            ELEMENT   20 [    1']    GROUP     0
 -0.942809E+00 -0.282843E+01 -0.282843E+01 -0.942809E+00
 -0.942809E+00 -0.942809E+00 -0.282843E+01 -0.282843E+01
  0.000000E+00  0.000000E+00  0.000000E+00  0.000000E+00
 -0.942809E+00 -0.282843E+01 -0.282843E+01 -0.942809E+00
 -0.942809E+00 -0.942809E+00 -0.282843E+01 -0.282843E+01
  0.625000E+01  0.625000E+01  0.625000E+01  0.625000E+01
            ELEMENT   21 [    1(]    GROUP     0
  0.942809E+00 -0.942809E+00 -0.942809E+00  0.942809E+00
 -0.942809E+00 -0.942809E+00 -0.282843E+01 -0.282843E+01
  0.000000E+00  0.000000E+00  0.000000E+00  0.000000E+00
  0.942809E+00 -0.942809E+00 -0.942809E+00  0.942809E+00
 -0.942809E+00 -0.942809E+00 -0.282843E+01 -0.282843E+01
  0.625000E+01  0.625000E+01  0.625000E+01  0.625000E+01
            ELEMENT   22 [    1)]    GROUP     0
  0.565685E+01  0.494975E+01  0.650266E+01  0.772741E+01
  0.565685E+01  0.494975E+01  0.178862E+01  0.207055E+01
  0.000000E+00  0.000000E+00  0.000000E+00  0.000000E+00
  0.565685E+01  0.494975E+01  0.650266E+01  0.772741E+01
  0.565685E+01  0.494975E+01  0.178862E+01  0.207055E+01
  0.625000E+01  0.625000E+01  0.625000E+01  0.625000E+01
            ELEMENT   23 [    1)]    GROUP     0
  0.565685E+01  0.494975E+01  0.178862E+01  0.207055E+01
 -0.565685E+01 -0.494975E+01 -0.650266E+01 -0.772741E+01
  0.000000E+00  0.000000E+00  0.000000E+00  0.000000E+00
  0.565685E+01  0.494975E+01  0.178862E+01  0.207055E+01
 -0.565685E+01 -0.494975E+01 -0.650266E+01 -0.772741E+01
  0.625000E+01  0.625000E+01  0.625000E+01  0.625000E+01
            ELEMENT   24 [    1)]    GROUP     0
 -0.772741E+01 -0.650266E+01 -0.494975E+01 -0.565685E+01
  0.207055E+01  0.178862E+01  0.494975E+01  0.565685E+01
  0.000000E+00  0.000000E+00  0.000000E+00  0.000000E+00
 -0.772741E+01 -0.650266E+01 -0.494975E+01 -0.565685E+01
  0.207055E+01  0.178862E+01  0.494975E+01  0.565685E+01
  0.625000E+01  0.625000E+01  0.625000E+01  0.625000E+01
            ELEMENT   25 [    1)]    GROUP     0
  0.207055E+01  0.178862E+01  0.494975E+01  0.565685E+01
  0.772741E+01  0.650266E+01  0.494975E+01  0.565685E+01
  0.000000E+00  0.000000E+00  0.000000E+00  0.000000E+00
  0.207055E+01  0.178862E+01  0.494975E+01  0.565685E+01
  0.772741E+01  0.650266E+01  0.494975E+01  0.565685E+01
  0.625000E+01  0.625000E+01  0.625000E+01  0.625000E+01
            ELEMENT   26 [    1*]    GROUP     0
 -0.207055E+01 -0.178862E+01 -0.494975E+01 -0.565685E+01
 -0.772741E+01 -0.650266E+01 -0.494975E+01 -0.565685E+01
  0.000000E+00  0.000000E+00  0.000000E+00  0.000000E+00
 -0.207055E+01 -0.178862E+01 -0.494975E+01 -0.565685E+01
 -0.772741E+01 -0.650266E+01 -0.494975E+01 -0.565685E+01
  0.625000E+01  0.625000E+01  0.625000E+01  0.625000E+01
            ELEMENT   27 [    1*]    GROUP     0
 -0.565685E+01 -0.494975E+01 -0.178862E+01 -0.207055E+01
  0.565685E+01  0.494975E+01  0.650266E+01  0.772741E+01
  0.000000E+00  0.000000E+00  0.000000E+00  0.000000E+00
 -0.565685E+01 -0.494975E+01 -0.178862E+01 -0.207055E+01
  0.565685E+01  0.494975E+01  0.650266E+01  0.772741E+01
  0.625000E+01  0.625000E+01  0.625000E+01  0.625000E+01
            ELEMENT   28 [    1+]    GROUP     0
  0.207055E+01  0.178862E+01 -0.178862E+01 -0.207055E+01
 -0.772741E+01 -0.650266E+01 -0.650266E+01 -0.772741E+01
  0.000000E+00  0.000000E+00  0.000000E+00  0.000000E+00
  0.207055E+01  0.178862E+01 -0.178862E+01 -0.207055E+01
 -0.772741E+01 -0.650266E+01 -0.650266E+01 -0.772741E+01
  0.625000E+01  0.625000E+01  0.625000E+01  0.625000E+01
            ELEMENT   29 [    1+]    GROUP     0
 -0.207055E+01 -0.178862E+01  0.178862E+01  0.207055E+01
  0.772741E+01  0.650266E+01  0.650266E+01  0.772741E+01
  0.000000E+00  0.000000E+00  0.000000E+00  0.000000E+00
 -0.207055E+01 -0.178862E+01  0.178862E+01  0.207055E+01
  0.772741E+01  0.650266E+01  0.650266E+01  0.772741E+01
  0.625000E+01  0.625000E+01  0.625000E+01  0.625000E+01
            ELEMENT   30 [    1,]    GROUP     0
  0.772741E+01  0.650266E+01  0.650266E+01  0.772741E+01
  0.207055E+01  0.178862E+01 -0.178862E+01 -0.207055E+01
  0.000000E+00  0.000000E+00  0.000000E+00  0.000000E+00
  0.772741E+01  0.650266E+01  0.650266E+01  0.772741E+01
  0.207055E+01  0.178862E+01 -0.178862E+01 -0.207055E+01
  0.625000E+01  0.625000E+01  0.625000E+01  0.625000E+01
            ELEMENT   31 [    1,]    GROUP     0
 -0.772741E+01 -0.650266E+01 -0.650266E+01 -0.772741E+01
 -0.207055E+01 -0.178862E+01  0.178862E+01  0.207055E+01
  0.000000E+00  0.000000E+00  0.000000E+00  0.000000E+00
 -0.772741E+01 -0.650266E+01 -0.650266E+01 -0.772741E+01
 -0.207055E+01 -0.178862E+01  0.178862E+01  0.207055E+01
  0.625000E+01  0.625000E+01  0.625000E+01  0.625000E+01
            ELEMENT   32 [    1-]    GROUP     0
  0.772741E+01  0.650266E+01  0.494975E+01  0.565685E+01
 -0.207055E+01 -0.178862E+01 -0.494975E+01 -0.565685E+01
  0.000000E+00  0.000000E+00  0.000000E+00  0.000000E+00
  0.772741E+01  0.650266E+01  0.494975E+01  0.565685E+01
 -0.207055E+01 -0.178862E+01 -0.494975E+01 -0.565685E+01
  0.625000E+01  0.625000E+01  0.625000E+01  0.625000E+01
            ELEMENT   33 [    1-]    GROUP     0
 -0.565685E+01 -0.494975E+01 -0.650266E+01 -0.772741E+01
 -0.565685E+01 -0.494975E+01 -0.178862E+01 -0.207055E+01
  0.000000E+00  0.000000E+00  0.000000E+00  0.000000E+00
 -0.565685E+01 -0.494975E+01 -0.650266E+01 -0.772741E+01
 -0.565685E+01 -0.494975E+01 -0.178862E+01 -0.207055E+01
  0.625000E+01  0.625000E+01  0.625000E+01  0.625000E+01
            ELEMENT   34 [    1.]    GROUP     0
  0.494975E+01  0.424264E+01  0.527792E+01  0.650266E+01
  0.494975E+01  0.424264E+01  0.150668E+01  0.178862E+01
  0.000000E+00  0.000000E+00  0.000000E+00  0.000000E+00
  0.494975E+01  0.424264E+01  0.527792E+01  0.650266E+01
  0.494975E+01  0.424264E+01  0.150668E+01  0.178862E+01
  0.625000E+01  0.625000E+01  0.625000E+01  0.625000E+01
            ELEMENT   35 [    1.]    GROUP     0
  0.494975E+01  0.424264E+01  0.150668E+01  0.178862E+01
 -0.494975E+01 -0.424264E+01 -0.527792E+01 -0.650266E+01
  0.000000E+00  0.000000E+00  0.000000E+00  0.000000E+00
  0.494975E+01  0.424264E+01  0.150668E+01  0.178862E+01
 -0.494975E+01 -0.424264E+01 -0.527792E+01 -0.650266E+01
  0.625000E+01  0.625000E+01  0.625000E+01  0.625000E+01
            ELEMENT   36 [    1.]    GROUP     0
 -0.650266E+01 -0.527792E+01 -0.424264E+01 -0.494975E+01
  0.178862E+01  0.150668E+01  0.424264E+01  0.494975E+01
  0.000000E+00  0.000000E+00  0.000000E+00  0.000000E+00
 -0.650266E+01 -0.527792E+01 -0.424264E+01 -0.494975E+01
  0.178862E+01  0.150668E+01  0.424264E+01  0.494975E+01
  0.625000E+01  0.625000E+01  0.625000E+01  0.625000E+01
            ELEMENT   37 [    1.]    GROUP     0
  0.178862E+01  0.150668E+01  0.424264E+01  0.494975E+01
  0.650266E+01  0.527792E+01  0.424264E+01  0.494975E+01
  0.000000E+00  0.000000E+00  0.000000E+00  0.000000E+00
  0.178862E+01  0.150668E+01  0.424264E+01  0.494975E+01
  0.650266E+01  0.527792E+01  0.424264E+01  0.494975E+01
  0.625000E+01  0.625000E+01  0.625000E+01  0.625000E+01
            ELEMENT   38 [    1/]    GROUP     0
 -0.178862E+01 -0.150668E+01 -0.424264E+01 -0.494975E+01
 -0.650266E+01 -0.527792E+01 -0.424264E+01 -0.494975E+01
  0.000000E+00  0.000000E+00  0.000000E+00  0.000000E+00
 -0.178862E+01 -0.150668E+01 -0.424264E+01 -0.494975E+01
 -0.650266E+01 -0.527792E+01 -0.424264E+01 -0.494975E+01
  0.625000E+01  0.625000E+01  0.625000E+01  0.625000E+01
            ELEMENT   39 [    1/]    GROUP     0
 -0.494975E+01 -0.424264E+01 -0.150668E+01 -0.178862E+01
  0.494975E+01  0.424264E+01  0.527792E+01  0.650266E+01
  0.000000E+00  0.000000E+00  0.000000E+00  0.000000E+00
 -0.494975E+01 -0.424264E+01 -0.150668E+01 -0.178862E+01
  0.494975E+01  0.424264E+01  0.527792E+01  0.650266E+01
  0.625000E+01  0.625000E+01  0.625000E+01  0.625000E+01
            ELEMENT   40 [    10]    GROUP     0
  0.178862E+01  0.150668E+01 -0.150668E+01 -0.178862E+01
 -0.650266E+01 -0.527792E+01 -0.527792E+01 -0.650266E+01
  0.000000E+00  0.000000E+00  0.000000E+00  0.000000E+00
  0.178862E+01  0.150668E+01 -0.150668E+01 -0.178862E+01
 -0.650266E+01 -0.527792E+01 -0.527792E+01 -0.650266E+01
  0.625000E+01  0.625000E+01  0.625000E+01  0.625000E+01
            ELEMENT   41 [    10]    GROUP     0
 -0.178862E+01 -0.150668E+01  0.150668E+01  0.178862E+01
  0.650266E+01  0.527792E+01  0.527792E+01  0.650266E+01
  0.000000E+00  0.000000E+00  0.000000E+00  0.000000E+00
 -0.178862E+01 -0.150668E+01  0.150668E+01  0.178862E+01
  0.650266E+01  0.527792E+01  0.527792E+01  0.650266E+01
  0.625000E+01  0.625000E+01  0.625000E+01  0.625000E+01
            ELEMENT   42 [    11]    GROUP     0
  0.650266E+01  0.527792E+01  0.527792E+01  0.650266E+01
  0.178862E+01  0.150668E+01 -0.150668E+01 -0.178862E+01
  0.000000E+00  0.000000E+00  0.000000E+00  0.000000E+00
  0.650266E+01  0.527792E+01  0.527792E+01  0.650266E+01
  0.178862E+01  0.150668E+01 -0.150668E+01 -0.178862E+01
  0.625000E+01  0.625000E+01  0.625000E+01  0.625000E+01
            ELEMENT   43 [    11]    GROUP     0
 -0.650266E+01 -0.527792E+01 -0.527792E+01 -0.650266E+01
 -0.178862E+01 -0.150668E+01  0.150668E+01  0.178862E+01
  0.000000E+00  0.000000E+00  0.000000E+00  0.000000E+00
 -0.650266E+01 -0.527792E+01 -0.527792E+01 -0.650266E+01
 -0.178862E+01 -0.150668E+01  0.150668E+01  0.178862E+01
  0.625000E+01  0.625000E+01  0.625000E+01  0.625000E+01
            ELEMENT   44 [    12]    GROUP     0
  0.650266E+01  0.527792E+01  0.424264E+01  0.494975E+01
 -0.178862E+01 -0.150668E+01 -0.424264E+01 -0.494975E+01
  0.000000E+00  0.000000E+00  0.000000E+00  0.000000E+00
  0.650266E+01  0.527792E+01  0.424264E+01  0.494975E+01
 -0.178862E+01 -0.150668E+01 -0.424264E+01 -0.494975E+01
  0.625000E+01  0.625000E+01  0.625000E+01  0.625000E+01
            ELEMENT   45 [    12]    GROUP     0
 -0.494975E+01 -0.424264E+01 -0.527792E+01 -0.650266E+01
 -0.494975E+01 -0.424264E+01 -0.150668E+01 -0.178862E+01
  0.000000E+00  0.000000E+00  0.000000E+00  0.000000E+00
 -0.494975E+01 -0.424264E+01 -0.527792E+01 -0.650266E+01
 -0.494975E+01 -0.424264E+01 -0.150668E+01 -0.178862E+01
  0.625000E+01  0.625000E+01  0.625000E+01  0.625000E+01
            ELEMENT   46 [    13]    GROUP     0
  0.353553E+01  0.282843E+01  0.282843E+01  0.405317E+01
  0.353553E+01  0.282843E+01  0.942809E+00  0.122474E+01
  0.000000E+00  0.000000E+00  0.000000E+00  0.000000E+00
  0.353553E+01  0.282843E+01  0.282843E+01  0.405317E+01
  0.353553E+01  0.282843E+01  0.942809E+00  0.122474E+01
  0.625000E+01  0.625000E+01  0.625000E+01  0.625000E+01
            ELEMENT   47 [    13]    GROUP     0
  0.353553E+01  0.282843E+01  0.942809E+00  0.122474E+01
 -0.353553E+01 -0.282843E+01 -0.282843E+01 -0.405317E+01
  0.000000E+00  0.000000E+00  0.000000E+00  0.000000E+00
  0.353553E+01  0.282843E+01  0.942809E+00  0.122474E+01
 -0.353553E+01 -0.282843E+01 -0.282843E+01 -0.405317E+01
  0.625000E+01  0.625000E+01  0.625000E+01  0.625000E+01
            ELEMENT   48 [    13]    GROUP     0
 -0.405317E+01 -0.282843E+01 -0.282843E+01 -0.353553E+01
  0.122474E+01  0.942809E+00  0.282843E+01  0.353553E+01
  0.000000E+00  0.000000E+00  0.000000E+00  0.000000E+00
 -0.405317E+01 -0.282843E+01 -0.282843E+01 -0.353553E+01
  0.122474E+01  0.942809E+00  0.282843E+01  0.353553E+01
  0.625000E+01  0.625000E+01  0.625000E+01  0.625000E+01
            ELEMENT   49 [    13]    GROUP     0
  0.122474E+01  0.942809E+00  0.282843E+01  0.353553E+01
  0.405317E+01  0.282843E+01  0.282843E+01  0.353553E+01
  0.000000E+00  0.000000E+00  0.000000E+00  0.000000E+00
  0.122474E+01  0.942809E+00  0.282843E+01  0.353553E+01
  0.405317E+01  0.282843E+01  0.282843E+01  0.353553E+01
  0.625000E+01  0.625000E+01  0.625000E+01  0.625000E+01
            ELEMENT   50 [    14]    GROUP     0
 -0.122475E+01 -0.942809E+00 -0.282843E+01 -0.353553E+01
 -0.405317E+01 -0.282843E+01 -0.282843E+01 -0.353553E+01
  0.000000E+00  0.000000E+00  0.000000E+00  0.000000E+00
 -0.122475E+01 -0.942809E+00 -0.282843E+01 -0.353553E+01
 -0.405317E+01 -0.282843E+01 -0.282843E+01 -0.353553E+01
  0.625000E+01  0.625000E+01  0.625000E+01  0.625000E+01
            ELEMENT   51 [    14]    GROUP     0
 -0.353553E+01 -0.282843E+01 -0.942809E+00 -0.122475E+01
  0.353553E+01  0.282843E+01  0.282843E+01  0.405317E+01
  0.000000E+00  0.000000E+00  0.000000E+00  0.000000E+00
 -0.353553E+01 -0.282843E+01 -0.942809E+00 -0.122475E+01
  0.353553E+01  0.282843E+01  0.282843E+01  0.405317E+01
  0.625000E+01  0.625000E+01  0.625000E+01  0.625000E+01
            ELEMENT   52 [    15]    GROUP     0
  0.122474E+01  0.942809E+00 -0.942809E+00 -0.122475E+01
 -0.405317E+01 -0.282843E+01 -0.282843E+01 -0.405317E+01
  0.000000E+00  0.000000E+00  0.000000E+00  0.000000E+00
  0.122474E+01  0.942809E+00 -0.942809E+00 -0.122475E+01
 -0.405317E+01 -0.282843E+01 -0.282843E+01 -0.405317E+01
  0.625000E+01  0.625000E+01  0.625000E+01  0.625000E+01
            ELEMENT   53 [    1A]    GROUP     0
 -0.122475E+01 -0.942809E+00  0.942809E+00  0.122474E+01
  0.405317E+01  0.282843E+01  0.282843E+01  0.405317E+01
  0.000000E+00  0.000000E+00  0.000000E+00  0.000000E+00
 -0.122475E+01 -0.942809E+00  0.942809E+00  0.122474E+01
  0.405317E+01  0.282843E+01  0.282843E+01  0.405317E+01
  0.625000E+01  0.625000E+01  0.625000E+01  0.625000E+01
            ELEMENT   54 [    1A]    GROUP     0
  0.405317E+01  0.282843E+01  0.282843E+01  0.405317E+01
  0.122474E+01  0.942809E+00 -0.942809E+00 -0.122474E+01
  0.000000E+00  0.000000E+00  0.000000E+00  0.000000E+00
  0.405317E+01  0.282843E+01  0.282843E+01  0.405317E+01
  0.122474E+01  0.942809E+00 -0.942809E+00 -0.122474E+01
  0.625000E+01  0.625000E+01  0.625000E+01  0.625000E+01
            ELEMENT   55 [    1A]    GROUP     0
 -0.405317E+01 -0.282843E+01 -0.282843E+01 -0.405317E+01
 -0.122474E+01 -0.942809E+00  0.942809E+00  0.122474E+01
  0.000000E+00  0.000000E+00  0.000000E+00  0.000000E+00
 -0.405317E+01 -0.282843E+01 -0.282843E+01 -0.405317E+01
 -0.122474E+01 -0.942809E+00  0.942809E+00  0.122474E+01
  0.625000E+01  0.625000E+01  0.625000E+01  0.625000E+01
            ELEMENT   56 [    1A]    GROUP     0
  0.405317E+01  0.282843E+01  0.282843E+01  0.353553E+01
 -0.122474E+01 -0.942809E+00 -0.282843E+01 -0.353553E+01
  0.000000E+00  0.000000E+00  0.000000E+00  0.000000E+00
  0.405317E+01  0.282843E+01  0.282843E+01  0.353553E+01
 -0.122474E+01 -0.942809E+00 -0.282843E+01 -0.353553E+01
  0.625000E+01  0.625000E+01  0.625000E+01  0.625000E+01
            ELEMENT   57 [    1A]    GROUP     0
 -0.353553E+01 -0.282843E+01 -0.282843E+01 -0.405317E+01
 -0.353553E+01 -0.282843E+01 -0.942809E+00 -0.122474E+01
  0.000000E+00  0.000000E+00  0.000000E+00  0.000000E+00
 -0.353553E+01 -0.282843E+01 -0.282843E+01 -0.405317E+01
 -0.353553E+01 -0.282843E+01 -0.942809E+00 -0.122474E+01
  0.625000E+01  0.625000E+01  0.625000E+01  0.625000E+01
            ELEMEN    58 [    2A]    GROUP     0
  0.424264E+01  0.353553E+01  0.405317E+01  0.527792E+01
  0.424264E+01  0.353553E+01  0.122474E+01  0.150668E+01
  0.625000E+01  0.625000E+01  0.625000E+01  0.625000E+01
  0.424264E+01  0.353553E+01  0.405317E+01  0.527792E+01
  0.424264E+01  0.353553E+01  0.122474E+01  0.150668E+01
  0.125000E+02  0.125000E+02  0.125000E+02  0.125000E+02
            ELEMEN    59 [    2B]    GROUP     0
  0.424264E+01  0.353553E+01  0.122474E+01  0.150668E+01
 -0.424264E+01 -0.353553E+01 -0.405317E+01 -0.527792E+01
  0.625000E+01  0.625000E+01  0.625000E+01  0.625000E+01
  0.424264E+01  0.353553E+01  0.122474E+01  0.150668E+01
 -0.424264E+01 -0.353553E+01 -0.405317E+01 -0.527792E+01
  0.125000E+02  0.125000E+02  0.125000E+02  0.125000E+02
            ELEMEN    60 [    2C]    GROUP     0
 -0.527792E+01 -0.405317E+01 -0.353553E+01 -0.424264E+01
  0.150668E+01  0.122474E+01  0.353553E+01  0.424264E+01
  0.625000E+01  0.625000E+01  0.625000E+01  0.625000E+01
 -0.527792E+01 -0.405317E+01 -0.353553E+01 -0.424264E+01
  0.150668E+01  0.122474E+01  0.353553E+01  0.424264E+01
  0.125000E+02  0.125000E+02  0.125000E+02  0.125000E+02
            ELEMEN    61 [    2D]    GROUP     0
  0.150668E+01  0.122474E+01  0.353553E+01  0.424264E+01
  0.527792E+01  0.405317E+01  0.353553E+01  0.424264E+01
  0.625000E+01  0.625000E+01  0.625000E+01  0.625000E+01
  0.150668E+01  0.122474E+01  0.353553E+01  0.424264E+01
  0.527792E+01  0.405317E+01  0.353553E+01  0.424264E+01
  0.125000E+02  0.125000E+02  0.125000E+02  0.125000E+02
            ELEMEN    62 [    2E]    GROUP     0
  0.282843E+01  0.942809E+00  0.942809E+00  0.282843E+01
  0.282843E+01  0.282843E+01  0.942809E+00  0.942809E+00
  0.625000E+01  0.625000E+01  0.625000E+01  0.625000E+01
  0.282843E+01  0.942809E+00  0.942809E+00  0.282843E+01
  0.282843E+01  0.282843E+01  0.942809E+00  0.942809E+00
  0.125000E+02  0.125000E+02  0.125000E+02  0.125000E+02
            ELEMEN    63 [    2F]    GROUP     0
 -0.150668E+01 -0.122475E+01 -0.353553E+01 -0.424264E+01
 -0.527792E+01 -0.405317E+01 -0.353553E+01 -0.424264E+01
  0.625000E+01  0.625000E+01  0.625000E+01  0.625000E+01
 -0.150668E+01 -0.122475E+01 -0.353553E+01 -0.424264E+01
 -0.527792E+01 -0.405317E+01 -0.353553E+01 -0.424264E+01
  0.125000E+02  0.125000E+02  0.125000E+02  0.125000E+02
            ELEMEN    64 [    2G]    GROUP     0
 -0.424264E+01 -0.353553E+01 -0.122475E+01 -0.150668E+01
  0.424264E+01  0.353553E+01  0.405317E+01  0.527792E+01
  0.625000E+01  0.625000E+01  0.625000E+01  0.625000E+01
 -0.424264E+01 -0.353553E+01 -0.122475E+01 -0.150668E+01
  0.424264E+01  0.353553E+01  0.405317E+01  0.527792E+01
  0.125000E+02  0.125000E+02  0.125000E+02  0.125000E+02
            ELEMEN    65 [    2H]    GROUP     0
 -0.942809E+00 -0.282843E+01 -0.282843E+01 -0.942809E+00
  0.282843E+01  0.282843E+01  0.942809E+00  0.942809E+00
  0.625000E+01  0.625000E+01  0.625000E+01  0.625000E+01
 -0.942809E+00 -0.282843E+01 -0.282843E+01 -0.942809E+00
  0.282843E+01  0.282843E+01  0.942809E+00  0.942809E+00
  0.125000E+02  0.125000E+02  0.125000E+02  0.125000E+02
            ELEMEN    66 [    2I]    GROUP     0
  0.150668E+01  0.122474E+01 -0.122475E+01 -0.150668E+01
 -0.527792E+01 -0.405317E+01 -0.405317E+01 -0.527792E+01
  0.625000E+01  0.625000E+01  0.625000E+01  0.625000E+01
  0.150668E+01  0.122474E+01 -0.122475E+01 -0.150668E+01
 -0.527792E+01 -0.405317E+01 -0.405317E+01 -0.527792E+01
  0.125000E+02  0.125000E+02  0.125000E+02  0.125000E+02
            ELEMEN    67 [    2J]    GROUP     0
 -0.150668E+01 -0.122475E+01  0.122474E+01  0.150668E+01
  0.527792E+01  0.405317E+01  0.405317E+01  0.527792E+01
  0.625000E+01  0.625000E+01  0.625000E+01  0.625000E+01
 -0.150668E+01 -0.122475E+01  0.122474E+01  0.150668E+01
  0.527792E+01  0.405317E+01  0.405317E+01  0.527792E+01
  0.125000E+02  0.125000E+02  0.125000E+02  0.125000E+02
            ELEMEN    68 [    2K]    GROUP     0
  0.942809E+00 -0.942809E+00 -0.942809E+00  0.942809E+00
  0.282843E+01  0.282843E+01  0.942809E+00  0.942809E+00
  0.625000E+01  0.625000E+01  0.625000E+01  0.625000E+01
  0.942809E+00 -0.942809E+00 -0.942809E+00  0.942809E+00
  0.282843E+01  0.282843E+01  0.942809E+00  0.942809E+00
  0.125000E+02  0.125000E+02  0.125000E+02  0.125000E+02
            ELEMEN    69 [    2L]    GROUP     0
  0.527792E+01  0.405317E+01  0.405317E+01  0.527792E+01
  0.150668E+01  0.122474E+01 -0.122474E+01 -0.150668E+01
  0.625000E+01  0.625000E+01  0.625000E+01  0.625000E+01
  0.527792E+01  0.405317E+01  0.405317E+01  0.527792E+01
  0.150668E+01  0.122474E+01 -0.122474E+01 -0.150668E+01
  0.125000E+02  0.125000E+02  0.125000E+02  0.125000E+02
            ELEMEN    70 [    2M]    GROUP     0
 -0.527792E+01 -0.405317E+01 -0.405317E+01 -0.527792E+01
 -0.150668E+01 -0.122474E+01  0.122474E+01  0.150668E+01
  0.625000E+01  0.625000E+01  0.625000E+01  0.625000E+01
 -0.527792E+01 -0.405317E+01 -0.405317E+01 -0.527792E+01
 -0.150668E+01 -0.122474E+01  0.122474E+01  0.150668E+01
  0.125000E+02  0.125000E+02  0.125000E+02  0.125000E+02
            ELEMEN    71 [    2N]    GROUP     0
  0.282843E+01  0.942809E+00  0.942809E+00  0.282843E+01
  0.942809E+00  0.942809E+00 -0.942809E+00 -0.942809E+00
  0.625000E+01  0.625000E+01  0.625000E+01  0.625000E+01
  0.282843E+01  0.942809E+00  0.942809E+00  0.282843E+01
  0.942809E+00  0.942809E+00 -0.942809E+00 -0.942809E+00
  0.125000E+02  0.125000E+02  0.125000E+02  0.125000E+02
            ELEMEN    72 [    2O]    GROUP     0
 -0.942809E+00 -0.282843E+01 -0.282843E+01 -0.942809E+00
  0.942809E+00  0.942809E+00 -0.942809E+00 -0.942809E+00
  0.625000E+01  0.625000E+01  0.625000E+01  0.625000E+01
 -0.942809E+00 -0.282843E+01 -0.282843E+01 -0.942809E+00
  0.942809E+00  0.942809E+00 -0.942809E+00 -0.942809E+00
  0.125000E+02  0.125000E+02  0.125000E+02  0.125000E+02
            ELEMEN    73 [    2P]    GROUP     0
  0.942809E+00 -0.942809E+00 -0.942809E+00  0.942809E+00
  0.942809E+00  0.942809E+00 -0.942809E+00 -0.942809E+00
  0.625000E+01  0.625000E+01  0.625000E+01  0.625000E+01
  0.942809E+00 -0.942809E+00 -0.942809E+00  0.942809E+00
  0.942809E+00  0.942809E+00 -0.942809E+00 -0.942809E+00
  0.125000E+02  0.125000E+02  0.125000E+02  0.125000E+02
            ELEMEN    74 [    2Q]    GROUP     0
  0.527792E+01  0.405317E+01  0.353553E+01  0.424264E+01
 -0.150668E+01 -0.122474E+01 -0.353553E+01 -0.424264E+01
  0.625000E+01  0.625000E+01  0.625000E+01  0.625000E+01
  0.527792E+01  0.405317E+01  0.353553E+01  0.424264E+01
 -0.150668E+01 -0.122474E+01 -0.353553E+01 -0.424264E+01
  0.125000E+02  0.125000E+02  0.125000E+02  0.125000E+02
            ELEMEN    75 [    2R]    GROUP     0
 -0.424264E+01 -0.353553E+01 -0.405317E+01 -0.527792E+01
 -0.424264E+01 -0.353553E+01 -0.122474E+01 -0.150668E+01
  0.625000E+01  0.625000E+01  0.625000E+01  0.625000E+01
 -0.424264E+01 -0.353553E+01 -0.405317E+01 -0.527792E+01
 -0.424264E+01 -0.353553E+01 -0.122474E+01 -0.150668E+01
  0.125000E+02  0.125000E+02  0.125000E+02  0.125000E+02
            ELEMEN    76 [    2S]    GROUP     0
  0.282843E+01  0.942809E+00  0.942809E+00  0.282843E+01
 -0.942809E+00 -0.942809E+00 -0.282843E+01 -0.282843E+01
  0.625000E+01  0.625000E+01  0.625000E+01  0.625000E+01
  0.282843E+01  0.942809E+00  0.942809E+00  0.282843E+01
 -0.942809E+00 -0.942809E+00 -0.282843E+01 -0.282843E+01
  0.125000E+02  0.125000E+02  0.125000E+02  0.125000E+02
            ELEMEN    77 [    2T]    GROUP     0
 -0.942809E+00 -0.282843E+01 -0.282843E+01 -0.942809E+00
 -0.942809E+00 -0.942809E+00 -0.282843E+01 -0.282843E+01
  0.625000E+01  0.625000E+01  0.625000E+01  0.625000E+01
 -0.942809E+00 -0.282843E+01 -0.282843E+01 -0.942809E+00
 -0.942809E+00 -0.942809E+00 -0.282843E+01 -0.282843E+01
  0.125000E+02  0.125000E+02  0.125000E+02  0.125000E+02
            ELEMEN    78 [    2U]    GROUP     0
  0.942809E+00 -0.942809E+00 -0.942809E+00  0.942809E+00
 -0.942809E+00 -0.942809E+00 -0.282843E+01 -0.282843E+01
  0.625000E+01  0.625000E+01  0.625000E+01  0.625000E+01
  0.942809E+00 -0.942809E+00 -0.942809E+00  0.942809E+00
 -0.942809E+00 -0.942809E+00 -0.282843E+01 -0.282843E+01
  0.125000E+02  0.125000E+02  0.125000E+02  0.125000E+02
            ELEMEN    79 [    2V]    GROUP     0
  0.565685E+01  0.494975E+01  0.650266E+01  0.772741E+01
  0.565685E+01  0.494975E+01  0.178862E+01  0.207055E+01
  0.625000E+01  0.625000E+01  0.625000E+01  0.625000E+01
  0.565685E+01  0.494975E+01  0.650266E+01  0.772741E+01
  0.565685E+01  0.494975E+01  0.178862E+01  0.207055E+01
  0.125000E+02  0.125000E+02  0.125000E+02  0.125000E+02
            ELEMEN    80 [    2W]    GROUP     0
  0.565685E+01  0.494975E+01  0.178862E+01  0.207055E+01
 -0.565685E+01 -0.494975E+01 -0.650266E+01 -0.772741E+01
  0.625000E+01  0.625000E+01  0.625000E+01  0.625000E+01
  0.565685E+01  0.494975E+01  0.178862E+01  0.207055E+01
 -0.565685E+01 -0.494975E+01 -0.650266E+01 -0.772741E+01
  0.125000E+02  0.125000E+02  0.125000E+02  0.125000E+02
            ELEMEN    81 [    2X]    GROUP     0
 -0.772741E+01 -0.650266E+01 -0.494975E+01 -0.565685E+01
  0.207055E+01  0.178862E+01  0.494975E+01  0.565685E+01
  0.625000E+01  0.625000E+01  0.625000E+01  0.625000E+01
 -0.772741E+01 -0.650266E+01 -0.494975E+01 -0.565685E+01
  0.207055E+01  0.178862E+01  0.494975E+01  0.565685E+01
  0.125000E+02  0.125000E+02  0.125000E+02  0.125000E+02
            ELEMEN    82 [    2Y]    GROUP     0
  0.207055E+01  0.178862E+01  0.494975E+01  0.565685E+01
  0.772741E+01  0.650266E+01  0.494975E+01  0.565685E+01
  0.625000E+01  0.625000E+01  0.625000E+01  0.625000E+01
  0.207055E+01  0.178862E+01  0.494975E+01  0.565685E+01
  0.772741E+01  0.650266E+01  0.494975E+01  0.565685E+01
  0.125000E+02  0.125000E+02  0.125000E+02  0.125000E+02
            ELEMEN    83 [    2Z]    GROUP     0
 -0.207055E+01 -0.178862E+01 -0.494975E+01 -0.565685E+01
 -0.772741E+01 -0.650266E+01 -0.494975E+01 -0.565685E+01
  0.625000E+01  0.625000E+01  0.625000E+01  0.625000E+01
 -0.207055E+01 -0.178862E+01 -0.494975E+01 -0.565685E+01
 -0.772741E+01 -0.650266E+01 -0.494975E+01 -0.565685E+01
  0.125000E+02  0.125000E+02  0.125000E+02  0.125000E+02
            ELEMEN    84 [    2a]    GROUP     0
 -0.565685E+01 -0.494975E+01 -0.178862E+01 -0.207055E+01
  0.565685E+01  0.494975E+01  0.650266E+01  0.772741E+01
  0.625000E+01  0.625000E+01  0.625000E+01  0.625000E+01
 -0.565685E+01 -0.494975E+01 -0.178862E+01 -0.207055E+01
  0.565685E+01  0.494975E+01  0.650266E+01  0.772741E+01
  0.125000E+02  0.125000E+02  0.125000E+02  0.125000E+02
            ELEMEN    85 [    2b]    GROUP     0
